###DATOS_TECNICOS###
CONFIG
30.00 60.00 11.00
PREMIOS
250.00 70.00 210.00 235.00 0.00 140.00 160.00 0.00 0.00 140.00 115.00 250.00 0.00 0.00 0.00 0.00 195.00 0.00 0.00 0.00 0.00 0.00 0.00 0.00 0.00 
BOLETOS
4
"Noe "
"majel "
"HGEIQ"
"Basico"
25.00
1
4 
0 0 0 1 0 0 0 0 0 0 0 0 0 0 0 0 0 0 0 0 0 0 0 0 0 
0.00
"12/05/2025 22:05:49"
"juan"
"jjholi"
"XWXVJ"
"Oro"
11.00
5
1 15 5 7 8 
1 0 0 0 1 0 1 1 0 0 0 0 0 0 1 0 0 0 0 0 0 0 0 0 0 
355.00
"12/05/2025 22:07:08"
"pablito"
"juanoto"
"FBURD"
"Premium"
60.00
3
5 3 2 
0 1 1 0 1 0 0 0 0 0 0 0 0 0 0 0 0 0 0 0 0 0 0 0 0 
25.00
"13/05/2025 07:32:17"
"Nohemi "
"periferico izq 1"
"CRJOH"
"Premium"
60.00
3
5 2 7 
0 1 0 0 1 0 1 0 0 0 0 0 0 0 0 0 0 0 0 0 0 0 0 0 0 
215.00
"13/05/2025 17:50:57"
FONDOS
156.00
